segments<-c("A24027XU0_4090_4270","F24027XU0_4090_4270","A24027XU0_4130_4070","A24031XU0_4130_4070","A24027XU0_4091_4270","A24003XU2_4270_4650","A24027XU2_4270_4650","F24003XU2_4270_4650","A24027XU2_4070_4330","A24031XU2_4070_4330","A24027XU2_4330_4480","A24031XU2_4330_4480","A24033XU2_4330_4480","F24031XU2_4330_4480","A24003XU2_4480_4650","A24027XU2_4480_4650","A24033XU2_4480_4650","F24003XU2_4480_4650","F24033XU2_4480_4650","A24003XU3_4650_0001","A24033XU3_4650_0001","F24003XU3_4650_0001")
