segments<-c("A51033YM1_6370_6620","A51097YM1_6370_6620","F51033YM1_6370_6620","A51033YM2_6120_6430","A51137YM2_6120_6430","A51177YM2_6120_6430","F51033YM2_6120_6430","F51177YM2_6120_6430","A51033YM3_6430_6620","A51101YM3_6430_6620","A51177YM3_6430_6620","A51033YM4_6620_0001","A51097YM4_6620_0001","A51101YM4_6620_0001","A51085YP1_6570_6680","A51109YP1_6570_6680","A51003YP3_6470_6690","A51065YP3_6470_6690","A51075YP3_6470_6690","A51085YP3_6470_6690","A51109YP3_6470_6690","A51137YP3_6470_6690","A51109YP2_6390_6330","A51137YP2_6390_6330","A51177YP2_6390_6330","A51085YP1_6680_6670","A51085YP3_6690_6720","A51109YP3_6690_6720","A51033YP3_6330_6700","A51085YP3_6330_6700","A51109YP3_6330_6700","A51177YP3_6330_6700","A51033YP3_6700_6670","A51085YP3_6700_6670","A51033YP3_6670_6720","A51085YP3_6670_6720","A51033YP4_6720_6750","A51085YP4_6720_6750","A51101YP4_6720_6750","A51033YP4_6750_0001","A51085YP4_6750_0001","A51101YP4_6750_0001") 
