segments<-c("A51049JL1_7170_6800","A51145JL1_7170_6800","A51029JL3_7020_7100","A51049JL3_7020_7100","A51003JL2_6240_6520","A51079JL2_6240_6520","A51137JL2_6240_6520","B51003JL2_6240_6520","B51079JL2_6240_6520","F51003JL2_6240_6520","F51079JL2_6240_6520","A51011JL2_7110_7120","A51029JL2_7110_7120","A51003JL1_6560_6440","A51125JL1_6560_6440","B51003JL1_6560_6440","F51003JL1_6560_6440","A51003JL1_6760_6910","A51065JL1_6760_6910","A51029JL2_7120_6970","A51003JL2_6440_6441","B51003JL2_6440_6441","F51003JL2_6440_6441","A51003JL2_6441_6520","A51003JL1_6770_6850","A51125JL1_6770_6850","B51003JL1_6770_6850","B51125JL1_6770_6850","F51125JL1_6770_6850","A51065JL1_6910_6960","A51009JL1_7080_7190","A51125JL1_7080_7190","B51009JL1_7080_7190","B51125JL1_7080_7190","F51009JL1_7080_7190","F51125JL1_7080_7190","A51003JL4_6520_6710","A51065JL4_6520_6710","A51109JL4_6520_6710","A51540JL4_6520_6710","F51003JL4_6520_6710","F51540JL4_6520_6710","A51003JL2_6850_6890","A51125JL2_6850_6890","A51011JL1_7530_7430","A51031JL1_7530_7430","A51065JL4_6710_6740","A51109JL4_6710_6740","A51009JL2_7240_7350","A51125JL2_7240_7350","B51009JL2_7240_7350","F51009JL2_7240_7350","A51125JL1_6940_7200","B51125JL1_6940_7200","F51125JL1_6940_7200","A51023JU2_7180_7380","A51163JU2_7180_7380","F51023JU2_7180_7380","F51163JU2_7180_7380","A51009JL1_7190_7250","A51125JL1_7190_7250","A51009JL2_7350_7090","A51125JL2_7350_7090","A51125JL1_7200_7250","A51023JU1_7750_7560","A51161JU1_7750_7560","F51023JU1_7750_7560","F51161JU1_7750_7560","A51015JU1_6880_7260","A51163JU1_6880_7260","B51015JU1_6880_7260","B51163JU1_6880_7260","F51015JU1_6880_7260","F51163JU1_6880_7260","A51009JL2_7250_7090","A51125JL2_7250_7090","A51125JL3_7090_7150","A51163JU2_6410_6640","C51015JU2_6410_6640","F51015JU2_6410_6640","F51163JU2_6410_6640","A51045JU1_7630_7490","A51071JU1_7630_7490","F51045JU1_7630_7490","F51071JU1_7630_7490","A51163JU3_6640_6790","B51017JU3_6640_6790","C51015JU3_6640_6790","F51015JU3_6640_6790","F51017JU3_6640_6790","F51163JU3_6640_6790","A51015JU3_6790_7260","A51163JU3_6790_7260","A51678JU3_6790_7260","C51015JU3_6790_7260","F51163JU3_6790_7260","A51023JU1_7560_7500","F51023JU1_7560_7500","F51045JU1_7560_7500","A51017JU1_6300_6650","A51091JU1_6300_6650","B51017JU1_6300_6650","B51091JU1_6300_6650","F51017JU1_6300_6650","A51163JU4_7260_7380","A51530JU4_7260_7380","B51163JU4_7260_7380","F51163JU4_7260_7380","F51530JU4_7260_7380","A51045JU1_7690_7490","A51121JU1_7690_7490","A51161JU1_7690_7490","F51045JU1_7690_7490","F51121JU1_7690_7490","F51161JU1_7690_7490","A51005JU2_7450_7360","A51045JU2_7450_7360","A51071JU2_7450_7360","A54063JU2_7450_7360","F51005JU2_7450_7360","F51045JU2_7450_7360","F54063JU2_7450_7360","B51017JU1_6340_6650","B51091JU1_6340_6650","F51017JU1_6340_6650","F51091JU1_6340_6650","A51163JU4_7380_7160","F51163JU4_7380_7160","A51023JU3_7490_7400","A51045JU3_7490_7400","F51023JU3_7490_7400","F51045JU3_7490_7400","A51005JU3_7400_7510","A51023JU3_7400_7510","F51005JU3_7400_7510","F51023JU3_7400_7510","A51005JU3_6650_7300","A51017JU3_6650_7300","A51023JU3_6650_7300","A51163JU3_6650_7300","B51017JU3_6650_7300","F51005JU3_6650_7300","F51017JU3_6650_7300","F51023JU3_6650_7300","F51163JU3_6650_7300","A51005JU2_7140_7330","A54063JU2_7140_7330","F51005JU2_7140_7330","F54063JU2_7140_7330","A51005JU2_7360_7000","F51005JU2_7360_7000","A51017JU1_6290_6590","A51091JU1_6290_6590","F51017JU1_6290_6590","F51091JU1_6290_6590","A51017JU3_6380_6900","A51091JU3_6380_6900","F51017JU3_6380_6900","A51017JU1_6590_6600","F51017JU1_6590_6600","A51017JU2_6600_6810","F51017JU2_6600_6810","A51017JU2_6810_6900","F51017JU2_6810_6900","A51005JU3_6900_6950","A51017JU3_6900_6950","F51005JU3_6900_6950","F51017JU3_6900_6950","A51005JU3_6950_7330","A51017JU3_6950_7330","A51580JU3_6950_7330","F51005JU3_6950_7330","F51017JU3_6950_7330","F51580JU3_6950_7330","A51005JU4_7330_7000","A51580JU4_7330_7000","F51005JU4_7330_7000","A51005JU4_7000_7300","A51017JU4_7000_7300","A51023JU4_7000_7300","A51580JU4_7000_7300","B51017JU4_7000_7300","F51005JU4_7000_7300","F51017JU4_7000_7300","A51005JU5_7300_7510","A51023JU5_7300_7510","A51163JU5_7300_7510","F51005JU5_7300_7510","F51023JU5_7300_7510","F51163JU5_7300_7510","A51023JU5_7510_7500","A51023JU5_7500_7420","B51023JU5_7500_7420","F51023JU5_7500_7420","A51023JU5_7420_7160","A51163JU5_7420_7160","B51023JU5_7420_7160","B51163JU5_7420_7160","F51023JU5_7420_7160","F51163JU5_7420_7160","A51009JL6_7160_7440","A51019JL6_7160_7440","B51009JL6_7160_7440","B51019JL6_7160_7440","F51009JL6_7160_7440","F51019JL6_7160_7440","A51009JL6_7440_7430","A51011JL6_7440_7430","A51031JL6_7440_7430","A51680JL6_7440_7430","B51019JL6_7440_7430","A51009JL6_7430_7320","A51011JL6_7430_7320","A51125JL6_7430_7320","A51011JL6_7320_7150","A51029JL6_7320_7150","A51125JL6_7320_7150","A51029JL6_7150_6890","A51125JL6_7150_6890","A51003JL6_6890_6990","A51029JL6_6890_6990","A51029JL6_6990_6960","A51065JL6_6990_6960","A51029JL6_6960_6970","A51065JL6_6960_6970","A51029JL6_6970_6740","A51049JL6_6970_6740","A51065JL6_6970_6740","A51049JL6_6740_7100","A51065JL6_6740_7100","A51075JL6_6740_7100","A51109JL6_6740_7100","A51049JL7_7100_7030","A51075JL7_7100_7030","A51049JL7_7030_6800","A51075JL7_7030_6800","A51145JL7_7030_6800","A51041JL7_6800_7070","A51075JL7_6800_7070","A51085JL7_6800_7070","A51087JL7_6800_7070","A51109JL7_6800_7070","A51145JL7_6800_7070","A51760JL7_6800_7070","A51041JL7_7070_0001","A51087JL7_7070_0001","A51760JL7_7070_0001","F51760JL7_7070_0001","A51007JA1_7600_7570","A51135JA1_7600_7570","A51007JA2_7410_7470","A51135JA2_7410_7470","A51147JA2_7410_7470","A51007JA2_7570_7480","A51135JA2_7570_7480","A51147JA1_7640_7280","A51011JA2_7550_7280","A51029JA2_7550_7280","A51049JA2_7550_7280","A51147JA2_7550_7280","F51011JA2_7550_7280","F51147JA2_7550_7280","A51007JA4_7280_7340","A51049JA4_7280_7340","A51135JA4_7280_7340","A51145JA4_7280_7340","A51147JA4_7280_7340","F51145JA4_7280_7340","A51007JA4_7340_7470","A51041JA4_7340_7470","A51145JA4_7340_7470","A51007JA4_7470_7480","A51041JA4_7470_7480","A51007JA5_7480_0001","A51041JA5_7480_0001","A51053JA5_7480_0001","A51135JA5_7480_0001") 
