segments<-c("A42067SJ2_2110_2170","A42087SJ2_2110_2170","A42027SJ2_1900_1930","A42087SJ2_1900_1930","A42109SJ2_1900_1930","F42087SJ2_1900_1930","A42061SJ3_2160_2170","A42067SJ3_2160_2170","A42099SJ3_2160_2170","B42055SJ3_2160_2170","A42067SJ3_2170_1970","A42061SJ1_2280_2450","A42067SJ1_2280_2450","A42013SJ3_2040_1980","A42021SJ3_2040_1980","A42027SJ3_2040_1980","A42061SJ3_2040_1980","B42027SJ3_2040_1980","A42057SJ2_2580_2500","A42061SJ2_2580_2500","C42009SJ2_2580_2500","A42061SJ2_2500_2450","A42009SJ2_2570_2660","A42013SJ2_2570_2660","C42009SJ2_2570_2660","A42061SJ3_2450_2120","A42009SJ3_2250_2230","A42013SJ3_2250_2230","A42021SJ3_2250_2230","B42009SJ3_2250_2230","F42013SJ3_2250_2230","F42021SJ3_2250_2230","A42009SJ2_2530_2820","A42013SJ2_2530_2820","A42021SJ2_2530_2820","B42009SJ2_2530_2820","A42027SJ3_1980_2060","A42061SJ3_1980_2060","A42009SJ3_2230_2060","A42013SJ3_2230_2060","A42061SJ3_2230_2060","A42009SJ2_2900_2740","A42111SJ2_2900_2740","B42009SJ2_2900_2740","A42061SJ4_2060_2010","A42027SJ4_2010_2210","A42061SJ4_2010_2210","F42061SJ4_2010_2210","A42009SJ2_2820_2740","A42009SJ4_2740_2660","A42057SJ4_2740_2660","C42009SJ4_2740_2660","F42009SJ4_2740_2660","A42009SJ4_2660_2360","A42061SJ4_2660_2360","C42009SJ4_2660_2360","A42009SJ4_2360_2340","A42057SJ4_2360_2340","A42061SJ4_2360_2340","C42009SJ4_2360_2340","F42009SJ4_2360_2340","F42061SJ4_2360_2340","A42061SJ4_2340_2210","A42061SJ5_2210_2320","A42087SJ5_2210_2320","A42061SJ5_2320_2120","A42087SJ5_2320_2120","A42061SJ5_2120_1930","A42087SJ5_2120_1930","A42067SJ6_1930_1970","A42087SJ6_1930_1970","A42109SJ6_1930_1970","A42067SJ6_1970_2130","A42099SJ6_1970_2130","A42109SJ6_1970_2130","A42067SJ2_2150_2130","A42099SJ2_2150_2130") 
