segments<-c("A42037SU1_1630_1610","A42093SU1_1630_1610","A42097SU1_1630_1610","A42025SU2_1550_1620","A42037SU2_1550_1620","A42079SU2_1550_1620","A42107SU2_1550_1620","A42037SU2_1200_1310","A42079SU2_1200_1310","A42113SU2_1200_1310","B42079SU2_1200_1310","A42037SU1_1480_1500","A42079SU1_1480_1500","A42107SU1_1480_1500","A42037SU2_1210_1310","A42079SU2_1210_1310","A42113SU2_1210_1310","B42079SU2_1210_1310","A42115SU2_0670_0810","A42127SU2_0670_0810","A42079SU2_1290_1500","A42037SU3_1310_1280","A42037SU3_1280_1590","A42093SU3_1280_1590","A42113SU3_1280_1590","B42081SU3_1280_1590","A42037SU3_1500_1420","A42079SU3_1500_1420","A42131SU2_1020_0980","B42079SU2_1020_0980","B42131SU2_1020_0980","A42069SU3_0810_0970","A42115SU3_0810_0970","A42127SU3_0810_0970","F42069SU3_0810_0970","A42115SU1_0660_0710","A42113SU2_0990_0950","A42131SU2_0990_0950","B42015SU2_0990_0950","B42079SU2_0990_0950","B42131SU2_0990_0950","A42069SU3_0970_1120","A42079SU3_0970_1120","A42127SU3_0970_1120","F42069SU3_0970_1120","A42069SU2_0780_0710","A42115SU2_0780_0710","A42115SU2_0760_0960","A42131SU2_0760_0960","A42015SU2_0700_0860","A42115SU2_0700_0860","A42069SU3_0710_0910","A42115SU3_0710_0910","A42131SU3_0710_0910","A42131SU3_0910_1010","A42015SU1_0940_0900","A42081SU1_0940_0900","A42113SU1_0940_0900","B42015SU1_0940_0900","A42015SU2_0800_0850","A42117SU2_0800_0850","A42015SU2_0890_0900","A42081SU2_0890_0900","A42117SU2_0890_0900","B42015SU2_0890_0900","A36015SU2_0680_0610","A36101SU2_0680_0610","A42015SU2_0680_0610","A42117SU2_0680_0610","A36015SU2_0450_0720","A36097SU2_0450_0720","A36107SU2_0450_0720","A36109SU2_0450_0720","A42015SU2_0450_0720","A42015SU2_0900_0870","A42015SU3_0870_0730","A42113SU3_0870_0730","B42015SU3_0870_0730","A36051SU3_0370_0490","A36069SU3_0370_0490","A36097SU3_0370_0490","A36101SU3_0370_0490","A36123SU3_0370_0490","F36101SU3_0370_0490","A36015SU2_0470_0590","A36107SU2_0470_0590","A36109SU2_0470_0590","A36007SU2_0440_0550","A36107SU2_0440_0550","A36101SU2_0640_0630","A36097SU3_0490_0530","A36101SU3_0490_0530","A36023SU1_0330_0560","A36107SU1_0330_0560","A36109SU1_0330_0560","A36107SU1_0390_0560","A36109SU1_0390_0560","A36101SU1_0820_0740","A42105SU1_0820_0740","A42117SU1_0820_0740","A36003SU2_0510_0570","A36101SU2_0510_0570","F36003SU2_0510_0570","F36101SU2_0510_0570","A36017SU2_0110_0240","A36023SU2_0110_0240","A36053SU2_0110_0240","A36007SU1_0410_0480","A36017SU1_0410_0480","A36107SU2_0560_0590","A36107SU3_0590_0540","A36003SU2_0620_0580","A36101SU2_0620_0580","A42117SU1_0840_0831","A36101SU2_0740_0741","A42117SU2_0740_0741","F42117SU2_0740_0741","A36007SU2_0280_0430","A36017SU2_0280_0430","A36023SU2_0280_0430","A36023SU2_0120_0260","A36053SU2_0120_0260","A36067SU2_0120_0260","A36017SU2_0360_0460","A36007SU3_0240_0350","A36017SU3_0240_0350","A36023SU3_0240_0350","F36007SU3_0240_0350","A36101SU2_0570_0580","A36101SU4_0580_0630","A42015SU2_0920_0830","A42117SU2_0920_0830","A36101SU2_0741_0690","A42117SU2_0741_0690","F42117SU2_0741_0690","A36017SU1_0200_0270","A36017SU1_0050_0090","A36053SU1_0050_0090","A36065SU1_0050_0090","A36023SU2_0160_0260","A36067SU2_0160_0260","A36109SU2_0160_0260","A36101SU4_0630_0650","A42117SU2_0830_0831","A42015SU3_0831_0790","A42117SU3_0831_0790","F42117SU3_0831_0790","A42117SU3_0790_0770","F42117SU3_0790_0770","A36017SU1_0380_0400","A36025SU1_0380_0400","A36077SU1_0080_0210","A36007SU4_0260_0350","A36023SU4_0260_0350","A36107SU4_0260_0350","A36007SU4_0350_0420","A36017SU4_0350_0420","A36023SU4_0350_0420","A36017SU2_0070_0090","A36053SU2_0070_0090","A36017SU3_0090_0170","A36053SU3_0090_0170","A36101SU3_0770_0690","A42117SU3_0770_0690","A36101SU4_0690_0650","A36101SU5_0650_0530","A36017SU3_0170_0270","A36025SU2_0290_0291","A36077SU2_0290_0291","F36025SU2_0290_0291","A36043SU1_0060_0190","A36077SU1_0060_0190","A36017SU4_0270_0430","A36077SU2_0210_0300","A36077SU2_0130_0250","A36007SU4_0430_0420","A36017SU4_0430_0420","A36015SU5_0530_0610","A36097SU5_0530_0610","A36101SU5_0530_0610","F36015SU5_0530_0610","A36015SU5_0610_0600","A42015SU5_0610_0600","A36007SU5_0420_0500","A36017SU5_0420_0500","A36025SU2_0291_0320","F36025SU2_0291_0320","A36017SU3_0010_0190","A36043SU3_0010_0190","A36053SU3_0010_0190","A36065SU3_0010_0190","A36077SU3_0010_0190","A36015SU5_0600_0750","A36107SU5_0600_0750","A42015SU5_0600_0750","A36017SU3_0190_0300","A36077SU3_0190_0300","A36017SU4_0300_0310","A36077SU4_0300_0310","A36025SU2_0150_0220","A36077SU2_0150_0220","A36095SU2_0150_0220","A36025SU2_0100_0230","A36077SU2_0100_0230","A36025SU2_0320_0340","F36025SU2_0320_0340","A36077SU2_0040_0180","A36043SU2_0020_0140","A36077SU2_0020_0140","A36043SU2_0030_0140","A36077SU2_0030_0140","A36077SU3_0140_0180","A36077SU3_0180_0230","A36077SU4_0230_0220","A36025SU4_0220_0250","A36077SU4_0220_0250","A36025SU4_0250_0340","A36077SU4_0250_0340","A36025SU5_0340_0310","A36077SU5_0340_0310","A36017SU5_0310_0400","A36025SU5_0310_0400","A36017SU5_0400_0460","A36007SU5_0460_0480","A36017SU5_0460_0480","A36007SU6_0480_0520","A42115SU6_0480_0520","A42127SU6_0480_0520","F36007SU6_0480_0520","F42115SU6_0480_0520","A36007SU6_0520_0500","A36007SU6_0500_0550","A42115SU6_0500_0550","F36007SU6_0500_0550","A36007SU7_0550_0540","A36107SU7_0550_0540","A42015SU7_0550_0540","A42115SU7_0550_0540","A36107SU7_0540_0720","A42015SU7_0540_0720","A42115SU7_0540_0720","A42015SU7_0720_0750","A42015SU7_0750_0850","A42015SU7_0850_0730","A42015SU7_0730_0860","B42015SU7_0730_0860","A42015SU7_0860_0960","A42115SU7_0860_0960","A42131SU7_0860_0960","B42015SU7_0860_0960","A42131SU7_0960_0950","A42131SU7_0950_1010","B42131SU7_0950_1010","A42131SU7_1010_0980","A42069SU7_0980_1120","A42079SU7_0980_1120","A42131SU7_0980_1120","B42079SU7_0980_1120","A42079SU7_1120_1140","B42079SU7_1120_1140","F42079SU7_1120_1140","A42037SU7_1140_1420","A42079SU7_1140_1420","B42079SU7_1140_1420","F42079SU7_1140_1420","A42037SU7_1420_1590","A42079SU7_1420_1590","A42037SU8_1590_1620","A42037SU8_1620_1610","A42037SU8_1610_1530","A42093SU8_1610_1530","A42097SU8_1610_1530") 
