segments<-c("A51033YM2_6120_6430","A51137YM2_6120_6430","A51177YM2_6120_6430","F51033YM2_6120_6430","F51177YM2_6120_6430","A51033YM3_6430_6620","A51101YM3_6430_6620","A51177YM3_6430_6620","A51033YM1_6370_6620","A51097YM1_6370_6620","F51033YM1_6370_6620") 
