segments<-c("N24013SL0_2831_2830","N42133SL0_2831_2830","N24013SL3_2460_2430","N42001SL3_2460_2430","N42041SL3_2460_2430","N42133SL3_2460_2430","N42133SL1_2770_2730","N42075SL0_2180_2220","N42001SL3_2400_2440","N42041SL3_2400_2440","N42133SL3_2400_2440","N42133SL1_2830_2760","N42133SL1_2760_2730","N42011SL1_2000_2090","N42075SL1_2000_2090","N42041SL1_2670_2370","N42055SL1_2670_2370","N42133SL3_2730_2550","N42041SL3_2440_2380","N42133SL3_2440_2380","N42075SL0_2220_2140","N42107SL2_1850_1990","N42133SL3_2550_2490","N42067SJ2_2150_2130","N42099SJ2_2150_2130","N42041SL2_2540_2370","N42055SL2_2540_2370","N42099SL2_2540_2370","N42055SL3_2290_2260","N42099SL3_2290_2260","N42075SL2_1990_2070","N42107SL2_1990_2070","N42011SL2_2070_2090","N42075SL2_2070_2090","H42043SL3_1960_2080","N42043SL3_1960_2080","N42107SL3_1960_2080","N42067SJ2_2110_2170","N42087SJ2_2110_2170","N42041SL4_2370_2330","N42055SL4_2370_2330","N42099SL4_2370_2330","N42041SL4_2330_2270","N42075SL4_2090_2100","N42075SL4_2100_2140","N42027SJ2_1900_1930","N42087SJ2_1900_1930","N42109SJ2_1900_1930","N42043SL3_2260_2050","N42099SL3_2260_2050","N42043SL2_1810_2030","N42097SL2_1810_2030","N42107SL2_1810_2030","N42037SL2_1670_1880","N42097SL2_1670_1880","N42107SL2_1670_1880","N42055SJ3_2160_2170","N42061SJ3_2160_2170","N42067SJ3_2160_2170","N42099SJ3_2160_2170","N42067SJ3_2170_1970","N42087SL1_1790_1840","N42109SL1_1790_1840","N42119SL1_1790_1840","N42043SL4_2140_2240","N42075SL4_2140_2240","N42037SL1_1730_1700","N42097SL1_1730_1700","N42061SJ1_2280_2450","N42067SJ1_2280_2450","H42013SJ3_2040_1980","N42013SJ3_2040_1980","N42021SJ3_2040_1980","N42027SJ3_2040_1980","N42061SJ3_2040_1980","N42009SJ2_2580_2500","N42057SJ2_2580_2500","N42061SJ2_2580_2500","N42043SL4_2240_2310","N42075SL4_2240_2310","N42061SJ2_2500_2450","H42027SL3_1710_1740","H42119SL3_1710_1740","N42027SL3_1710_1740","N42061SL3_1710_1740","N42087SL3_1710_1740","N42109SL3_1710_1740","N42119SL3_1710_1740","N42109SL3_1740_1840","N42119SL3_1740_1840","N42037SU1_1630_1610","N42093SU1_1630_1610","N42097SU1_1630_1610","N42009SJ2_2570_2660","N42013SJ2_2570_2660","N42061SJ3_2450_2120","N42097SL1_1700_1780","N42109SL3_1840_1880","N42037SW1_1450_1510","N42081SW1_1450_1510","N42093SW1_1450_1510","N42097SW1_1450_1510","N42025SU2_1550_1620","N42037SU2_1550_1620","N42079SU2_1550_1620","N42107SU2_1550_1620","H42013SJ3_2250_2230","N42009SJ3_2250_2230","N42013SJ3_2250_2230","N42021SJ3_2250_2230","H42013SJ2_2530_2820","N42009SJ2_2530_2820","N42021SJ2_2530_2820","N42027SJ3_1980_2060","N42061SJ3_1980_2060","H42027SW1_1570_1640","H42119SW1_1570_1640","N42119SW1_1570_1640","N42037SW1_1510_1680","N42093SW1_1510_1680","N42097SW1_1510_1680","H42079SU2_1200_1310","H42113SU2_1200_1310","N42037SU2_1200_1310","N42079SU2_1200_1310","N42037SU1_1480_1500","N42079SU1_1480_1500","N42107SU1_1480_1500","N42009SJ3_2230_2060","N42013SJ3_2230_2060","N42061SJ3_2230_2060","N42009SJ2_2900_2740","N42111SJ2_2900_2740","N42061SJ4_2060_2010","H42027SW1_1560_1460","H42119SW1_1560_1460","N42035SW1_1560_1460","N42081SW1_1560_1460","N42119SW1_1560_1460","H42113SW1_1180_1190","N42113SW1_1180_1190","N42081SW1_1160_1260","N42027SJ4_2010_2210","N42061SJ4_2010_2210","N42009SJ2_2820_2740","H42079SU2_1210_1310","H42113SU2_1210_1310","N42037SU2_1210_1310","N42079SU2_1210_1310","N42113SU2_1210_1310","H42115SU2_0670_0810","N42115SU2_0670_0810","N42127SU2_0670_0810","H42113SW2_1190_1410","N42037SW2_1190_1410","N42081SW2_1190_1410","N42093SW2_1190_1410","N42113SW2_1190_1410","N42081SW3_1040_1220","N42113SW3_1040_1220","N42117SW3_1040_1220","N42079SU2_1290_1500","N42009SJ4_2740_2660","N42057SJ4_2740_2660","N42009SJ4_2660_2360","N42061SJ4_2660_2360","N42009SJ4_2360_2340","N42057SJ4_2360_2340","N42061SJ4_2360_2340","N42037SU3_1310_1280","N42015SW2_1030_1060","N42113SW2_1030_1060","H42113SW2_1070_1060","H42131SW2_1070_1060","N42113SW2_1070_1060","N42131SW2_1070_1060","N42037SU3_1280_1590","N42081SU3_1280_1590","N42093SU3_1280_1590","N42113SU3_1280_1590","N42061SJ4_2340_2210","N42061SJ5_2210_2320","N42087SJ5_2210_2320","N42061SJ5_2320_2120","N42087SJ5_2320_2120","N42061SJ5_2120_1930","N42087SJ5_2120_1930","N42037SU3_1500_1420","N42079SU3_1500_1420","H42079SU2_1020_0980","H42131SU2_1020_0980","N42079SU2_1020_0980","N42131SU2_1020_0980","N42081SW3_1250_1340","N42081SW3_1220_1320","N42067SJ6_1930_1970","N42087SJ6_1930_1970","N42109SJ6_1930_1970","N42067SJ6_1970_2130","N42099SJ6_1970_2130","N42109SJ6_1970_2130","L42113SW3_1060_1260","N42015SW3_1060_1260","N42081SW3_1060_1260","N42113SW3_1060_1260","H42115SU3_0810_0970","N42069SU3_0810_0970","N42115SU3_0810_0970","N42127SU3_0810_0970","H42115SU1_0660_0710","N42115SU1_0660_0710","H42079SU2_0990_0950","H42113SU2_0990_0950","H42131SU2_0990_0950","N42015SU2_0990_0950","N42113SU2_0990_0950","N42131SU2_0990_0950","L42069SU3_0970_1120","L42079SU3_0970_1120","N42069SU3_0970_1120","N42079SU3_0970_1120","N42127SU3_0970_1120","H42115SU2_0780_0710","N42069SU2_0780_0710","N42115SU2_0780_0710","N42099SJ6_2130_2050","N42081SW4_1260_1300","N42081SW3_1080_1350","N42117SW3_1080_1350","N42027SW0_1520_1600","N42035SW0_1520_1600","N42081SW2_1000_1110","N42117SW2_1000_1110","N42115SU2_0760_0960","N42131SU2_0760_0960","N42015SU2_0700_0860","N42115SU2_0700_0860","N42105SW2_0880_0930","H42117SW2_1100_1130","N42035SW2_1100_1130","N42105SW2_1100_1130","N42027SW1_1910_1890","N42105SW2_1050_0930","N42027SW3_1600_1580","N42035SW3_1600_1580","N42069SU3_0710_0910","N42115SU3_0710_0910","N42131SU3_0710_0910","N42131SU3_0910_1010","N42015SU1_0940_0900","N42081SU1_0940_0900","N42113SU1_0940_0900","N42023SW3_1090_1091","N42105SW3_1090_1091","N42027SW2_1770_1690","N42015SU2_0800_0850","N42117SU2_0800_0850","N42015SU2_0890_0900","N42081SU2_0890_0900","N42117SU2_0890_0900","N36015SU2_0680_0610","N36101SU2_0680_0610","N42015SU2_0680_0610","N42117SU2_0680_0610","H42117SW3_0930_1110","N42105SW3_0930_1110","N42117SW3_0930_1110","H42117SW4_1110_1150","N42081SW4_1110_1150","N42117SW4_1110_1150","N42027SW1_1890_1830","N42023SW3_1130_1390","N42035SW3_1130_1390","N42105SW3_1130_1390","N36015SU2_0450_0720","N36097SU2_0450_0720","N36107SU2_0450_0720","N36109SU2_0450_0720","N42015SU2_0450_0720","N42015SU2_0900_0870","N42015SU3_0870_0730","N42113SU3_0870_0730","N42013SW3_1920_1750","N42027SW3_1920_1750","N42033SW3_1920_1750","N42027SW1_1830_1690","H42117SW4_1150_1350","N42081SW4_1150_1350","N42105SW4_1150_1350","N42035SW5_1350_1470","N42081SW5_1350_1470","N36051SU3_0370_0490","N36069SU3_0370_0490","N36097SU3_0370_0490","N36101SU3_0370_0490","N36123SU3_0370_0490","N36015SU2_0470_0590","N36107SU2_0470_0590","N36109SU2_0470_0590","N36007SU2_0440_0550","N36107SU2_0440_0550","N36101SU2_0640_0630","N42027SW3_1690_1660","N42023SW2_1360_1430","N42033SW2_1360_1430","N42047SW2_1360_1430","N42035SW3_1390_1330","N42023SW3_1091_1380","N42035SW3_1091_1380","N42105SW3_1091_1380","N42027SW3_1660_1580","N42035SW3_1660_1580","H42013SW3_1870_1800","N42021SW3_1870_1800","N42033SW3_1870_1800","N36097SU3_0490_0530","N36101SU3_0490_0530","N36023SU1_0330_0560","N36107SU1_0330_0560","N36109SU1_0330_0560","N42027SW3_1750_1540","N42033SW3_1750_1540","N42023SW1_1170_1270","N42083SW1_1170_1270","N42105SW1_1170_1270","N42023SW2_1240_1270","N42047SW2_1240_1270","N42083SW2_1240_1270","N42023SW3_1380_1490","H42027SW3_1580_1440","H42119SW3_1580_1440","N42027SW3_1580_1440","N42035SW3_1580_1440","N42081SW3_1580_1440","N42021SW2_1950_1940","N42033SW2_1950_1940","N42063SW2_1950_1940","N42065SW2_1950_1940","N42033SW3_1800_1650","N36107SU1_0390_0560","N36109SU1_0390_0560","N36101SU1_0820_0740","N42105SU1_0820_0740","N42117SU1_0820_0740","N42021SW2_2020_1940","N42033SW2_2020_1940","N42023SW3_1270_1370","N42047SW3_1270_1370","N42105SW3_1270_1370","N42023SW3_1370_1430","N42033SW4_1940_1860","N42033SW4_1860_1720","N42023SW4_1430_1490","N36003SU2_0510_0570","N36101SU2_0510_0570","N36017SU2_0110_0240","N36023SU2_0110_0240","N36053SU2_0110_0240","N36007SU1_0410_0480","N36017SU1_0410_0480","N42023SW4_1490_1400","N42033SW4_1490_1400","N42035SW4_1490_1400",