segments<-c("A51007JA1_7600_7570","A51135JA1_7600_7570","A51007JA2_7410_7470","A51135JA2_7410_7470","A51147JA2_7410_7470","A51007JA2_7570_7480","A51135JA2_7570_7480","A51147JA1_7640_7280","A51011JA2_7550_7280","A51029JA2_7550_7280","A51049JA2_7550_7280","A51147JA2_7550_7280","F51011JA2_7550_7280","F51147JA2_7550_7280","A51007JA4_7280_7340","A51049JA4_7280_7340","A51135JA4_7280_7340","A51145JA4_7280_7340","A51147JA4_7280_7340","F51145JA4_7280_7340","A51007JA4_7340_7470","A51041JA4_7340_7470","A51145JA4_7340_7470","A51007JA4_7470_7480","A51041JA4_7470_7480","A51007JA5_7480_0001","A51041JA5_7480_0001","A51053JA5_7480_0001","A51135JA5_7480_0001") 
