segments<-c("A51047RU2_5220_5640","A51061RU2_5220_5640","A51157RU2_5220_5640","B51061RU2_5220_5640","B51157RU2_5220_5640","F51061RU2_5220_5640","F51157RU2_5220_5640","A51047RU2_5940_6200","A51113RU2_5940_6200","B51113RU2_5940_6200","F51113RU2_5940_6200","A51047RU2_5500_5610","A51157RU2_5500_5610","B51157RU2_5500_5610","F51157RU2_5500_5610","A51047RU2_5810_5610","A51113RU2_5810_5610","A51157RU2_5810_5610","B51113RU2_5810_5610","B51157RU2_5810_5610","F51113RU2_5810_5610","F51157RU2_5810_5610","A51079RU2_6090_6220","A51113RU2_6090_6220","B51079RU2_6090_6220","B51113RU2_6090_6220","F51079RU2_6090_6220","F51113RU2_6090_6220","A51047RU3_5610_5640","A51157RU3_5610_5640","A51047RU4_5640_6030","A51061RU4_5640_6030","A51179RU4_5640_6030","F51061RU4_5640_6030","A51047RU2_6200_6170","A51113RU2_6200_6170","A51003RU2_6220_6170","A51079RU2_6220_6170","A51113RU2_6220_6170","A51137RU2_6220_6170","A51047RU3_6170_6040","A51137RU3_6170_6040","A51047RU4_6040_6030","A51137RU4_6040_6030","A51177RU4_6040_6030","F51137RU4_6040_6030","F51177RU4_6040_6030","A51177RU5_6030_0001","A51179RU5_6030_0001","A51630RU5_6030_0001","F51177RU5_6030_0001") 
