segments<-c("A24031PM0_4640_4820","F24031PM0_4640_4820","A24031PM1_4250_4500","F24031PM1_4250_4500","A51061PM2_4860_4670","A51107PM2_4860_4670","B51061PM2_4860_4670","F51061PM2_4860_4670","A24031PM1_4500_4580","F24031PM1_4500_4580","A24013PM1_3710_4040","A24021PM1_3710_4040","A51061PM3_4670_4660","A51107PM3_4670_4660","F51107PM3_4670_4660","A51107PM1_4430_4200","F51107PM1_4430_4200","A24013PM1_3120_3400","A51107PM3_4660_4620","F51107PM3_4660_4620","A24013PM2_2860_3040","A24021PM2_2860_3040","A42001PM2_2860_3040","B42001PM2_2860_3040","F42001PM2_2860_3040","B24021PM1_3510_4000","F24021PM1_3510_4000","A51069PS1_4790_4830","B51171PS1_4790_4830","F51069PS1_4790_4830","F51171PS1_4790_4830","A24013PM1_3450_3400","A24021PM1_3450_3400","B24021PM1_4000_4290","F24021PM1_4000_4290","A24043PU0_3000_3090","A42055PU0_3000_3090","B42001PU0_3000_3090","F24043PU0_3000_3090","F42055PU0_3000_3090","A24013PM2_3400_3340","A24021PM2_3400_3340","A24013PM3_3040_3340","A24021PM3_3040_3340","A42001PM3_3040_3340","A42055PM3_3040_3340","B24021PM3_3040_3340","B42001PM3_3040_3340","F24021PM3_3040_3340","A51015PS2_6730_6660","A51820PS2_6730_6660","B51015PS2_6730_6660","F51015PS2_6730_6660","F51820PS2_6730_6660","A24043PU0_3751_3752","F24043PU0_3751_3752","A24043PU2_3090_4050","A42055PU2_3090_4050","F24043PU2_3090_4050","A24021PM4_3340_3341","B24021PM4_3340_3341","F24021PM4_3340_3341","A24021PM4_3341_4040","B24021PM4_3341_4040","F24021PM4_3341_4040","A24021PM4_4040_4410","A24031PM4_4040_4410","B24021PM4_4040_4410","F24021PM4_4040_4410","F24031PM4_4040_4410","A51165PS2_5550_5560","A54031PS2_5550_5560","B51165PS2_5550_5560","B51171PS2_5550_5560","F51165PS2_5550_5560","F51171PS2_5550_5560","F54031PS2_5550_5560","A51069PS1_4830_5080","A51171PS1_4830_5080","A51187PS1_4830_5080","B51171PS1_4830_5080","F51069PS1_4830_5080","F51171PS1_4830_5080","F51187PS1_4830_5080","A51043PU2_4730_4220","A51069PU2_4730_4220","A51840PU2_4730_4220","F51069PU2_4730_4220","A24043PU2_4050_4180","F24043PU2_4050_4180","A51165PS0_6150_6160","A51660PS0_6150_6160","F51660PS0_6150_6160","A51165PS2_5560_5100","A51171PS2_5560_5100","A51660PS2_5560_5100","B51165PS2_5560_5100","B51171PS2_5560_5100","F51165PS2_5560_5100","F51171PS2_5560_5100","A51171PS3_5100_5080","A51187PS3_5100_5080","B51171PS3_5100_5080","F51171PS3_5100_5080","F51187PS3_5100_5080","A42055PU2_2790_3290","B42001PU2_2790_3290","B42041PU2_2790_3290","B42055PU2_2790_3290","F42055PU2_2790_3290","A51043PU2_4220_3900","A51069PU2_4220_3900","A51840PU2_4220_3900","A54003PU2_4220_3900","A54037PU2_4220_3900","F54003PU2_4220_3900","A24043PU0_3601_3602","B42055PU0_3601_3602","F24043PU0_3601_3602","A51015PS2_6660_6490","A51820PS2_6660_6490","B51015PS2_6660_6490","F51015PS2_6660_6490","A51069PS4_5080_4380","A51139PS4_5080_4380","A51171PS4_5080_4380","A51187PS4_5080_4380","F51139PS4_5080_4380","F51171PS4_5080_4380","F51187PS4_5080_4380","A51015PS3_6460_6230","A51790PS3_6460_6230","C51015PS3_6460_6230","F51015PS3_6460_6230","F51790PS3_6460_6230","A24043PU3_2510_3290","A42055PU3_2510_3290","A42099PU3_2510_3290","B42055PU3_2510_3290","A54003PU2_3900_3750","A54037PU2_3900_3750","F54003PU2_3900_3750","A51015PS3_5990_6161","A51165PS3_5990_6161","B51165PS3_5990_6161","C51015PS3_5990_6161","F51015PS3_5990_6161","F51165PS3_5990_6161","A51015PS2_6490_6420","A51820PS2_6490_6420","B51015PS2_6490_6420","F51015PS2_6490_6420","F51165PS2_6490_6420","A51069PU2_3770_3600","A54003PU2_3770_3600","A54065PU2_3770_3600","A24043PU2_2840_3080","A42057PU2_2840_3080","B42055PU2_2840_3080","A24043PU3_3290_3390","A42055PU3_3290_3390","A51165PS0_6160_6161","A51660PS0_6160_6161","A51015PS2_6420_6360","A51165PS2_6420_6360","B51015PS2_6420_6360","C51165PS2_6420_6360","F51015PS2_6420_6360","F51165PS2_6420_6360","A24043PU3_3390_3730","A42055PU3_3390_3730","B42055PU3_3390_3730","F24043PU3_3390_3730","A51069PU2_3630_3590","A54003PU2_3630_3590","A54065PU2_3630_3590","A24043PU2_3080_3640","B42055PU2_3080_3640","F24043PU2_3080_3640","A24043PU1_3030_3440","A42057PU1_3030_3440","F24043PU1_3030_3440","A51165PS3_6161_6280","A51015PS3_6280_6230","A51165PS3_6280_6230","A51165PS4_6230_6360","A24043PU0_3611_3530","A42057PU0_3611_3530","F24043PU0_3611_3530","A54027PU2_4340_3860","A54031PU2_4340_3860","A24001PU0_3871_3690","C42009PU0_3871_3690","F24001PU0_3871_3690","A54027PU3_4280_3860","A54031PU3_4280_3860","F54027PU3_4280_3860","F54031PU3_4280_3860","A51165PS4_6360_5840","F51165PS4_6360_5840","A51139PS4_5840_5240","A51165PS4_5840_5240","B51139PS4_5840_5240","C51165PS4_5840_5240","F51139PS4_5840_5240","F51165PS4_5840_5240","A54027PU3_3860_3610","A54065PU3_3860_3610","A24001PU1_3100_3690","A24043PU1_3100_3690","A42057PU1_3100_3690","C42009PU1_3100_3690","F24001PU1_3100_3690","F24043PU1_3100_3690","A51139PS5_5240_5200","A51187PS5_5240_5200","B51139PS5_5240_5200","B51187PS5_5240_5200","F51139PS5_5240_5200","F51187PS5_5240_5200","A51187PS5_5200_4380","B51187PS5_5200_4380","F51187PS5_5200_4380","A51043PS5_4380_4370","A51069PS5_4380_4370","A51187PS5_4380_4370","A54037PS5_4380_4370","B51187PS5_4380_4370","F51043PS5_4380_4370","F51187PS5_4380_4370","F54037PS5_4380_4370","A24001PU2_3180_3370","A42009PU2_3180_3370","C42009PU2_3180_3370","A54071PU2_6050_5190","B51091PU2_6050_5190","F51091PU2_6050_5190","F54071PU2_6050_5190","A24001PU2_3370_4020","A42009PU2_3370_4020","F24001PU2_3370_4020","A54037PS5_4370_4150","F54037PS5_4370_4150","A54023PU2_4360_4160","A54057PU2_4360_4160","B54023PU2_4360_4160","B54057PU2_4360_4160","A51091PU0_6080_5620","A54071PU0_6080_5620","B51091PU0_6080_5620","B54071PU0_6080_5620","F54071PU0_6080_5620","A42009PU1_3170_3580","A54057PU2_4160_3930","B54057PU2_4160_3930","A54031PU2_5190_4310","A54071PU2_5190_4310","B54031PU2_5190_4310","F54031PU2_5190_4310","F54071PU2_5190_4310","B54071PU1_5520_5210","F54071PU1_5520_5210","A42009PU2_3140_3680","A42111PU2_3140_3680","B24001PU2_3140_3680","B42009PU2_3140_3680","A24001PU1_3580_3780","A42009PU1_3580_3780","B24001PU1_3580_3780","F24001PU1_3580_3780","A24023PU1_3940_3970","B24001PU1_3940_3970","A54071PU1_5820_5380","B54071PU1_5820_5380","F54071PU1_5820_5380","A54071PU0_5620_5380","B54023PU0_5620_5380","B54071PU0_5620_5380","F54071PU0_5620_5380","A51091PU2_5700_5210","B54071PU2_5700_5210","F51091PU2_5700_5210","F54071PU2_5700_5210","A42111PU3_3680_3890","B24001PU3_3680_3890","F24001PU3_3680_3890","A24023PU1_3850_4190","B24001PU1_3850_4190","A54023PU3_5210_5050","B54023PU3_5210_5050","B54071PU3_5210_5050","F54023PU3_5210_5050","F54071PU3_5210_5050","A54023PU1_5380_5050","A54071PU1_5380_5050","B54023PU1_5380_5050","B54071PU1_5380_5050","F54023PU1_5380_5050","F54071PU1_5380_5050","A54023PU4_5050_4310","A54071PU4_5050_4310","B54023PU4_5050_4310","B54031PU4_5050_4310","F54023PU4_5050_4310","F54071PU4_5050_4310","A54027PU4_4310_4210","A54031PU4_4310_4210","B54031PU4_4310_4210","A54023PU1_4840_4760","F54023PU1_4840_4760","A24023PU1_4190_4300","A54027PU4_4210_4170","A24023PU2_4720_4750","A54023PU2_4720_4750","A54077PU2_4720_4750","A54093PU2_4720_4750","A54023PU1_4760_4450","A54057PU1_4760_4450","A24023PU1_4300_4440","A24023PU2_4750_4450","A54023PU2_4750_4450","A24023PU3_4450_4440","A54023PU3_4450_4440","A54057PU3_4450_4440","F24023PU3_4450_4440","F54057PU3_4450_4440","A54057PU4_4440_3970","B24001PU4_4440_3970","A54023PU4_3970_3890","A54057PU4_3970_3890","B24001PU4_3970_3890","F24001PU4_3970_3890","F54057PU4_3970_3890","A24001PU4_3890_3990","A54057PU4_3890_3990","B24001PU4_3890_3990","F24001PU4_3890_3990","A24001PU4_3990_3780","B54057PU4_3990_3780","F24001PU4_3990_3780","A24001PU4_3780_3930","A54057PU4_3780_3930","B54057PU4_3780_3930","F24001PU4_3780_3930","A24001PU5_3930_4170","A54027PU5_3930_4170","B54057PU5_3930_4170","F24001PU5_3930_4170","A24001PU5_4170_4020","A54027PU5_4170_4020","F24001PU5_4170_4020","A24001PU6_4020_3870","A54027PU6_4020_3870","A54065PU6_4020_3870","F24001PU6_4020_3870","A24001PU6_3870_3690","A54027PU6_3870_3690","A54065PU6_3870_3690","F24001PU6_3870_3690","F54065PU6_3870_3690","A24043PU6_3690_3610","A54065PU6_3690_3610","F24043PU6_3690_3610",