segments<-c("A10001EM2_3980_0001","A24011EM2_3980_0001","A24035EM2_3980_0001")

