segments<-c("A42071SL1_2390_2420","A42011SL1_2190_2350","A42071SL1_2190_2350","A42075SL1_2190_2350","A42011SL2_2200_2350","A42029SL2_2200_2350","A42071SL2_2200_2350","A42071SL3_2350_2470","A42071SL3_2470_2420","F42071SL3_2470_2420","A42071SL3_2420_2700") 
