segments<-c("A42027SW1_1560_1460","A42119SW1_1560_1460","B42035SW1_1560_1460","B42081SW1_1560_1460","B42119SW1_1560_1460","A42113SW1_1180_1190","A42081SW1_1160_1260","A42037SW2_1190_1410","A42081SW2_1190_1410","A42093SW2_1190_1410","A42113SW2_1190_1410","B42081SW2_1190_1410","A42081SW3_1040_1220","A42113SW3_1040_1220","A42117SW3_1040_1220","A42113SW2_1030_1060","B42015SW2_1030_1060","A42113SW2_1070_1060","B42131SW2_1070_1060","A42081SW3_1250_1340","B42081SW3_1250_1340","A42081SW3_1220_1320","B42081SW3_1220_1320","A42081SW3_1060_1260","A42113SW3_1060_1260","B42015SW3_1060_1260","A42081SW4_1260_1300","B42081SW4_1260_1300","A42081SW3_1080_1350","A42117SW3_1080_1350","A42035SW0_1520_1600","B42027SW0_1520_1600","A42081SW2_1000_1110","A42117SW2_1000_1110","A42105SW2_0880_0930","A42035SW2_1100_1130","A42105SW2_1100_1130","A42117SW2_1100_1130","A42027SW1_1910_1890","A42105SW2_1050_0930","A42027SW3_1600_1580","A42035SW3_1600_1580","B42027SW3_1600_1580","B42035SW3_1600_1580","A42023SW3_1090_1091","A42105SW3_1090_1091","A42013SW2_1770_1690","A42027SW2_1770_1690","B42027SW2_1770_1690","A42105SW3_0930_1110","A42117SW3_0930_1110","F42117SW3_0930_1110","A42081SW4_1110_1150","A42117SW4_1110_1150","A42027SW1_1890_1830","A42023SW3_1130_1390","A42035SW3_1130_1390","A42105SW3_1130_1390","A42013SW3_1920_1750","A42033SW3_1920_1750","B42027SW3_1920_1750","A42027SW1_1830_1690","F42027SW1_1830_1690","A42081SW4_1150_1350","A42105SW4_1150_1350","A42117SW4_1150_1350","A42035SW5_1350_1470","A42081SW5_1350_1470","B42035SW5_1350_1470","B42081SW5_1350_1470","A42027SW3_1690_1660","F42027SW3_1690_1660","A42023SW2_1360_1430","A42033SW2_1360_1430","A42047SW2_1360_1430","A42035SW3_1390_1330","A42023SW3_1091_1380","A42035SW3_1091_1380","A42105SW3_1091_1380","A42027SW3_1660_1580","B42027SW3_1660_1580","B42035SW3_1660_1580","F42027SW3_1660_1580","A42013SW3_1870_1800","A42021SW3_1870_1800","A42033SW3_1870_1800","F42021SW3_1870_1800","A42033SW3_1750_1540","B42027SW3_1750_1540","A42023SW1_1170_1270","A42083SW1_1170_1270","A42105SW1_1170_1270","A42023SW2_1240_1270","A42047SW2_1240_1270","A42083SW2_1240_1270","A42023SW3_1380_1490","A42027SW3_1580_1440","A42035SW3_1580_1440","A42119SW3_1580_1440","B42035SW3_1580_1440","B42081SW3_1580_1440","A42021SW2_1950_1940","A42033SW2_1950_1940","A42063SW2_1950_1940","A42065SW2_1950_1940","A42033SW3_1800_1650","A42021SW2_2020_1940","A42033SW2_2020_1940","A42023SW3_1270_1370","A42047SW3_1270_1370","A42105SW3_1270_1370","A42023SW3_1370_1430","A42033SW4_1940_1860","A42033SW4_1860_1720","F42033SW4_1860_1720","A42023SW4_1430_1490","A42023SW4_1490_1400","A42033SW4_1490_1400","A42035SW4_1490_1400","A42033SW4_1720_1650","F42033SW4_1720_1650","A42033SW5_1650_1540","A42023SW5_1540_1400","A42033SW5_1540_1400","A42035SW5_1540_1400","A42047SW5_1540_1400","B42027SW5_1540_1400","A42023SW6_1400_1330","A42035SW6_1400_1330","A42035SW6_1330_1230","A42035SW6_1230_1440","A42081SW6_1230_1440","A42105SW6_1230_1440","B42035SW6_1230_1440","F42035SW6_1230_1440","A42035SW6_1440_1470","A42081SW6_1440_1470","B42035SW6_1440_1470","B42035SW7_1470_1340","B42081SW7_1470_1340","B42081SW7_1340_1320","B42081SW7_1320_1300","F42081SW7_1320_1300","B42081SW7_1300_1410","A42097SW7_1410_1460","A42119SW7_1410_1460","B42035SW7_1410_1460","B42081SW7_1410_1460","B42119SW7_1410_1460","A42093SW7_1460_1640","A42097SW7_1460_1640","A42119SW7_1460_1640","B42081SW7_1460_1640","B42119SW7_1460_1640","A42027SW1_1570_1640","A42119SW1_1570_1640","B42119SW1_1570_1640") 
