segments<-c("A24015SL2_2480_0001","A42029SL2_2480_0001","A42071SL2_2480_0001","A24005SL2_2910_3060","A24025SL2_2910_3060","A42133SL2_2910_3060","A24025SL2_3060_0001","F24025SL2_3060_0001","A24025SL0_2721_2720","A42133SL0_2721_2720","A24025SL2_2750_2720","A42133SL2_2750_2720","A42029SL2_2410_2700","A42071SL2_2410_2700","A42071SL1_2390_2420","A42071SL2_2300_2520","A42075SL2_2300_2520","A42011SL1_2190_2350","A42071SL1_2190_2350","A42075SL1_2190_2350","A42011SL2_2200_2350","A42029SL2_2200_2350","A42071SL2_2200_2350","A24013SL0_2831_2830","A42133SL0_2831_2830","A24013SL3_2460_2430","A42001SL3_2460_2430","A42133SL3_2460_2430","B42001SL3_2460_2430","B42041SL3_2460_2430","F42133SL3_2460_2430","A42071SL3_2350_2470","A42133SL1_2770_2730","A42075SL0_2180_2220","F42075SL0_2180_2220","A42071SL3_2470_2420","F42071SL3_2470_2420","A42071SL3_2420_2700","A42041SL3_2400_2440","A42133SL3_2400_2440","B42001SL3_2400_2440","B42041SL3_2400_2440","F42041SL3_2400_2440","A42133SL1_2830_2760","A42133SL1_2760_2730","A42011SL1_2000_2090","A42075SL1_2000_2090","F42011SL1_2000_2090","A42041SL1_2670_2370","A42055SL1_2670_2370","B42041SL1_2670_2370","A42133SL3_2730_2550","A42041SL3_2440_2380","A42133SL3_2440_2380","F42041SL3_2440_2380","F42133SL3_2440_2380","A42075SL0_2220_2140","A42107SL2_1850_1990","F42107SL2_1850_1990","A42133SL3_2550_2490","F42133SL3_2550_2490","A42067SJ2_2150_2130","A42099SJ2_2150_2130","A42041SL2_2540_2370","A42055SL2_2540_2370","A42099SL2_2540_2370","B42055SL2_2540_2370","F42055SL2_2540_2370","A42099SL3_2290_2260","B42055SL3_2290_2260","A42075SL2_1990_2070","A42107SL2_1990_2070","F42075SL2_1990_2070","A42011SL2_2070_2090","A42075SL2_2070_2090","F42011SL2_2070_2090","F42075SL2_2070_2090","A42043SL3_1960_2080","A42107SL3_1960_2080","F42043SL3_1960_2080","A42067SJ2_2110_2170","A42087SJ2_2110_2170","A42041SL4_2370_2330","A42055SL4_2370_2330","B42041SL4_2370_2330","B42055SL4_2370_2330","F42041SL4_2370_2330","A42041SL4_2330_2270","F42041SL4_2330_2270","A42075SL4_2090_2100","F42075SL4_2090_2100","A42075SL4_2100_2140","F42075SL4_2100_2140","A42027SJ2_1900_1930","A42087SJ2_1900_1930","A42109SJ2_1900_1930","F42087SJ2_1900_1930","A42043SL3_2260_2050","A42099SL3_2260_2050","A42043SL2_1810_2030","A42097SL2_1810_2030","A42107SL2_1810_2030","A42037SL2_1670_1880","A42097SL2_1670_1880","A42107SL2_1670_1880","A42061SJ3_2160_2170","A42067SJ3_2160_2170","A42099SJ3_2160_2170","B42055SJ3_2160_2170","A42067SJ3_2170_1970","A42087SL1_1790_1840","A42109SL1_1790_1840","A42119SL1_1790_1840","A42043SL4_2140_2240","A42075SL4_2140_2240","B42043SL4_2140_2240","F42043SL4_2140_2240","F42075SL4_2140_2240","A42037SL1_1730_1700","A42097SL1_1730_1700","A42061SJ1_2280_2450","A42067SJ1_2280_2450","A42013SJ3_2040_1980","A42021SJ3_2040_1980","A42027SJ3_2040_1980","A42061SJ3_2040_1980","B42027SJ3_2040_1980","A42057SJ2_2580_2500","A42061SJ2_2580_2500","C42009SJ2_2580_2500","A42043SL4_2240_2310","A42075SL4_2240_2310","B42043SL4_2240_2310","F42043SL4_2240_2310","A42061SJ2_2500_2450","A42027SL3_1710_1740","A42061SL3_1710_1740","A42087SL3_1710_1740","A42109SL3_1710_1740","A42119SL3_1710_1740","B42119SL3_1710_1740","A42109SL3_1740_1840","B42119SL3_1740_1840","A42037SU1_1630_1610","A42093SU1_1630_1610","A42097SU1_1630_1610","A42009SJ2_2570_2660","A42013SJ2_2570_2660","C42009SJ2_2570_2660","A42061SJ3_2450_2120","A42097SL1_1700_1780","A42109SL3_1840_1880","A42037SW1_1450_1510","A42093SW1_1450_1510","A42097SW1_1450_1510","B42081SW1_1450_1510","A42025SU2_1550_1620","A42037SU2_1550_1620","A42079SU2_1550_1620","A42107SU2_1550_1620","A42009SJ3_2250_2230","A42013SJ3_2250_2230","A42021SJ3_2250_2230","B42009SJ3_2250_2230","F42013SJ3_2250_2230","F42021SJ3_2250_2230","A42009SJ2_2530_2820","A42013SJ2_2530_2820","A42021SJ2_2530_2820","B42009SJ2_2530_2820","A42027SJ3_1980_2060","A42061SJ3_1980_2060","A42027SW1_1570_1640","A42119SW1_1570_1640","B42119SW1_1570_1640","A42037SW1_1510_1680","A42093SW1_1510_1680","A42097SW1_1510_1680","A42037SU2_1200_1310","A42079SU2_1200_1310","A42113SU2_1200_1310","B42079SU2_1200_1310","A42037SU1_1480_1500","A42079SU1_1480_1500","A42107SU1_1480_1500","A42009SJ3_2230_2060","A42013SJ3_2230_2060","A42061SJ3_2230_2060","A42009SJ2_2900_2740","A42111SJ2_2900_2740","B42009SJ2_2900_2740","A42061SJ4_2060_2010","A42027SW1_1560_1460","A42119SW1_1560_1460","B42035SW1_1560_1460","B42081SW1_1560_1460","B42119SW1_1560_1460","A42113SW1_1180_1190","A42081SW1_1160_1260","A42027SJ4_2010_2210","A42061SJ4_2010_2210","F42061SJ4_2010_2210","A42009SJ2_2820_2740","A42037SU2_1210_1310","A42079SU2_1210_1310","A42113SU2_1210_1310","B42079SU2_1210_1310","A42115SU2_0670_0810","A42127SU2_0670_0810","A42037SW2_1190_1410","A42081SW2_1190_1410","A42093SW2_1190_1410","A42113SW2_1190_1410","B42081SW2_1190_1410","A42081SW3_1040_1220","A42113SW3_1040_1220","A42117SW3_1040_1220","A42079SU2_1290_1500","A42009SJ4_2740_2660","A42057SJ4_2740_2660","C42009SJ4_2740_2660","F42009SJ4_2740_2660","A42009SJ4_2660_2360","A42061SJ4_2660_2360","C42009SJ4_2660_2360","A42009SJ4_2360_2340","A42057SJ4_2360_2340","A42061SJ4_2360_2340","C42009SJ4_2360_2340","F42009SJ4_2360_2340","F42061SJ4_2360_2340","A42037SU3_1310_1280","A42113SW2_1030_1060","B42015SW2_1030_1060","A42113SW2_1070_1060","B42131SW2_1070_1060","A42037SU3_1280_1590","A42093SU3_1280_1590","A42113SU3_1280_1590","B42081SU3_1280_1590","A42061SJ4_2340_2210","A42061SJ5_2210_2320","A42087SJ5_2210_2320","A42061SJ5_2320_2120","A42087SJ5_2320_2120","A42061SJ5_2120_1930","A42087SJ5_2120_1930","A42037SU3_1500_1420","A42079SU3_1500_1420","A42131SU2_1020_0980","B42079SU2_1020_0980","B42131SU2_1020_0980","A42081SW3_1250_1340","B42081SW3_1250_1340","A42081SW3_1220_1320","B42081SW3_1220_1320","A42067SJ6_1930_1970","A42087SJ6_1930_1970","A42109SJ6_1930_1970","A42067SJ6_1970_2130","A42099SJ6_1970_2130","A42109SJ6_1970_2130","A42081SW3_1060_1260","A42113SW3_1060_1260","B42015SW3_1060_1260","A42069SU3_0810_0970","A42115SU3_0810_0970","A42127SU3_0810_0970","F42069SU3_0810_0970","A42115SU1_0660_0710","A42113SU2_0990_0950","A42131SU2_0990_0950","B42015SU2_0990_0950","B42079SU2_0990_0950","B42131SU2_0990_0950","A42069SU3_0970_1120","A42079SU3_0970_1120","A42127SU3_0970_1120","F42069SU3_0970_1120","A42069SU2_0780_0710","A42115SU2_0780_0710","A42099SJ6_2130_2050","A42081SW4_1260_1300","B42081SW4_1260_1300","A42081SW3_1080_1350","A42117SW3_1080_1350","A42035SW0_1520_1600","B42027SW0_1520_1600","A42081SW2_1000_1110","A42117SW2_1000_1110","A42115SU2_0760_0960","A42131SU2_0760_0960","A42015SU2_0700_0860","A42115SU2_0700_0860","A42105SW2_0880_0930","A42035SW2_1100_1130","A42105SW2_1100_1130","A42117SW2_1100_1130","A42027SW1_1910_1890","A42105SW2_1050_0930","A42027SW3_1600_1580","A42035SW3_1600_1580","B42027SW3_1600_1580","B42035SW3_1600_1580","A42069SU3_0710_0910","A42115SU3_0710_0910","A42131SU3_0710_0910","A42131SU3_0910_1010","A42015SU1_0940_0900","A42081SU1_0940_0900","A42113SU1_0940_0900","B42015SU1_0940_0900","A42023SW3_1090_1091","A42105SW3_1090_1091","A42013SW2_1770_1690","A42027SW2_1770_1690","B42027SW2_1770_1690","A42015SU2_0800_0850","A42117SU2_0800_0850","A42015SU2_0890_0900","A42081SU2_0890_0900","A42117SU2_0890_0900","B42015SU2_0890_0900","A36015SU2_0680_0610","A36101SU2_0680_0610","A42015SU2_0680_0610","A42117SU2_0680_0610","A42105SW3_0930_1110","A42117SW3_0930_1110","F42117SW3_0930_1110","A42081SW4_1110_1150","A42117SW4_1110_1150","A42027SW1_1890_1830","A42023SW3_1130_1390","A42035SW3_1130_1390","A42105SW3_1130_1390","A36015SU2_0450_0720","A36097SU2_0450_0720","A36107SU2_0450_0720","A36109SU2_0450_0720","A42015SU2_0450_0720","A42015SU2_0900_0870","A42015SU3_0870_0730","A42113SU3_0870_0730","B42015SU3_0870_0730","A42013SW3_1920_1750","A42033SW3_1920_1750","B42027SW3_1920_1750","A42027SW1_1830_1690","F42027SW1_1830_1690","A42081SW4_1150_1350","A42105SW4_1150_1350","A42117SW4_1150_1350","A42035SW5_1350_1470","A42081SW5_1350_1470","B42035SW5_1350_1470","B42081SW5_1350_1470","A36051SU3_0370_0490","A36069SU3_0370_0490","A36097SU3_0370_0490","A36101SU3_0370_0490","A36123SU3_0370_0490","F36101SU3_0370_0490",