segments<-c("A51085YP1_6570_6680","A51109YP1_6570_6680","A51003YP3_6470_6690","A51065YP3_6470_6690","A51075YP3_6470_6690","A51085YP3_6470_6690","A51109YP3_6470_6690","A51137YP3_6470_6690","A51109YP2_6390_6330","A51137YP2_6390_6330","A51177YP2_6390_6330","A51085YP1_6680_6670","A51085YP3_6690_6720","A51109YP3_6690_6720","A51033YP3_6330_6700","A51085YP3_6330_6700","A51109YP3_6330_6700","A51177YP3_6330_6700","A51033YP3_6700_6670","A51085YP3_6700_6670","A51033YP3_6670_6720","A51085YP3_6670_6720","A51033YP4_6720_6750","A51085YP4_6720_6750","A51101YP4_6720_6750") 
